1408
0 1 0
2 3 1
4 5 2
6 7 3
8 9 4
10 11 5
12 13 6
14 15 7
16 17 8
18 19 9
20 21 10
22 23 11
24 25 12
26 27 13
28 29 14
30 31 15
32 33 16
34 35 17
36 37 18
38 39 19
40 41 20
42 43 21
44 45 13
46 47 22
48 49 23
50 51 24
52 53 25
54 55 26
56 57 27
58 59 28
60 61 9
62 58 29
63 64 13
65 66 11
67 68 30
69 70 31
71 72 32
73 74 33
75 76 34
77 78 35
79 80 36
81 82 37
83 84 38
85 86 39
87 88 38
89 90 40
91 92 7
93 41 20
94 95 7
96 24 41
97 58 42
98 99 30
100 101 43
102 103 44
104 105 45
106 107 46
108 109 47
110 111 20
112 113 11
114 58 48
115 116 9
117 118 49
119 120 50
121 58 48
122 123 13
124 125 51
126 127 37
128 129 52
130 115 53
131 132 3
133 134 10
135 136 54
137 138 55
139 140 49
141 138 56
142 58 57
143 144 58
145 146 59
147 148 60
149 150 61
151 152 9
153 154 62
155 156 3
157 158 9
159 101 43
160 161 50
162 163 63
164 165 13
89 166 40
167 168 64
169 170 45
171 172 53
173 174 4
175 176 48
177 101 43
178 179 44
180 181 65
182 183 66
184 185 67
186 187 68
188 189 69
190 191 70
192 193 23
194 195 71
196 197 40
198 35 17
0 138 83
55 54 37
27 26 13
150 176 20
16 9 4
113 129 44
24 118 12
117 41 49
152 4 44
36 118 350
190 24 41
100 65 37
183 17 138
8 9 171
95 94 9
113 4 52
189 197 13
48 49 294
10 16 5
38 58 48
188 163 104
10 183 5
168 111 20
10 173 5
9 10 400
58 196 28
65 101 43
170 169 138
182 183 245
59 59 101
176 139 97
94 138 56
161 113 11
134 26 26
186 187 271
82 150 11
17 11 261
41 138 524
36 177 350
4 91 2
25 138 83
176 138 524
101 145 91
160 4 52
187 138 308
35 133 337
162 101 43
2 58 422
24 148 12
3 101 43
94 138 766
36 172 18
101 154 91
103 102 2
66 138 56
78 112 10
53 43 219
180 17 680
17 181 261
133 149 53
8 174 4
16 9 138
133 149 19
80 79 210
29 176 247
114 107 46
122 123 3
113 129 52
93 58 48
105 146 138
150 111 20
64 176 84
151 36 168
88 87 22
53 89 181
4 113 35
88 163 67
65 151 26
134 171 11
151 152 61
139 58 49
62 155 40
59 58 23
129 20 2
189 197 3
13 12 58
4 175 2
78 4 52
60 58 84
17 180 500
116 35 17
29 111 335
14 134 10
101 6 91
36 124 18
74 58 48
11 10 138
118 41 674
130 58 20
65 114 11
29 58 270
153 155 13
174 10 400
195 138 211
134 113 72
9 11 5
95 36 168
4 38 35
182 36 168
19 58 20
136 129 52
58 138 480
120 101 43
34 176 20
55 101 43
140 28 97
10 8 261
176 138 83
183 174 171
94 58 48
36 92 18
72 71 30
20 4 52
144 58 479
78 77 44
178 107 46
78 4 44
29 140 335
89 138 258
134 131 79
144 58 278
144 76 34
8 17 482
175 4 52
44 36 168
148 24 41
168 107 46
82 136 11
119 35 17
94 101 43
36 44 18
170 146 272
52 101 43
199 45 26
123 199 37
150 25 20
10 173 261
187 186 481
48 58 23
118 43 378
147 41 60
16 10 171
101 19 91
48 58 29
136 4 44
173 174 8
29 28 393
101 184 91
141 35 17
129 128 35
34 58 48
192 138 177
140 138 83
15 138 107
137 58 57
181 180 344
34 43 21
111 28 97
188 31 136
189 101 43
109 138 107
40 176 20
4 175 35
8 10 171
152 65 10
158 82 10
141 58 48
183 10 171
113 58 20
0 138 284
196 196 374
136 134 10
40 107 46
79 114 2
101 65 91
184 99 30
82 123 26
16 174 138
183 10 138
172 171 61
69 14 31
171 58 20
40 35 17
140 139 97
75 58 110
17 16 261
118 58 674
11 174 138
36 156 18
104 146 400
28 111 49
41 138 720
52 58 23
73 36 168
9 181 261
10 183 261
66 58 48
21 20 11
101 5 91
129 141 2
52 138 258
21 128 11
128 112 10
105 104 138
48 138 499
28 140 49
169 146 400
176 138 284
140 138 480
94 35 17
17 173 261
132 131 13
36 60 18
78 199 10
118 28 97
23 58 48
142 138 310
15 14 9
49 58 278
175 43 21
113 107 46
57 56 16
41 24 41
70 4 52
17 11 5
58 75 28
9 173 261
4 116 35
118 140 323
89 58 23
145 146 272
64 49 119
65 100 79
94 58 20
46 99 30
179 178 2
198 138 766
105 146 383
11 17 138
195 53 25
17 182 665
36 88 18
58 52 28
20 134 10
50 58 392
15 58 84
45 44 13
101 49 91
58 58 609
183 17 8
128 161 10
21 78 11
101 32 91
152 35 17
58 144 28
34 107 46
15 22 37
125 124 687
140 138 524
145 104 272
36 115 18
174 9 400
144 143 6
8 174 138
20 21 50
58 144 299
169 104 412
96 138 83
78 161 10
184 185 63
187 101 43
41 117 97
4 91 35
31 185 136
150 58 48
163 30 15
162 36 168
91 92 157
161 18 26
46 101 43
136 107 46
18 61 128
48 101 43
82 92 26
36 84 18
16 17 4
42 35 17
75 101 43
194 154 566
193 58 278
40 79 44
82 113 11
19 118 20
199 160 72
181 180 255
80 58 422
110 58 48
28 29 206
55 58 84
58 193 28
107 141 31
61 18 172
161 20 11
5 4 52
58 49 894
173 10 138
101 120 91
101 48 91
187 186 421
116 115 279
115 130 128
199 155 79
180 17 218
150 118 20
148 138 284
190 147 411
10 8 5
58 118 515
92 91 128
21 123 26
183 182 99
198 138 56
90 58 84
101 50 91
4 178 35
16 17 138
41 147 411
74 58 20
163 185 136
58 50 541
114 35 17
10 174 400
4 78 2
194 138 107
107 66 31
94 60 328
31 162 69
140 58 323
94 60 7
116 58 20
107 106 31
88 188 67
101 170 91
88 163 63
174 8 261
4 74 35
4 5 35
46 58 84
31 30 15
176 28 97
113 82 50
160 199 10
174 17 400
26 58 84
15 71 30
67 138 960
21 37 26
14 58 20
129 136 2
23 4 52
53 48 181
121 35 17
198 58 48
137 138 310
144 58 473
15 36 168
22 15 26
187 58 187
58 193 102
195 138 362
48 138 362
4 23 2
58 190 323
5 101 43
118 58 323
92 36 168
110 35 17
145 169 272
19 176 20
58 50 850
94 0 20
179 178 35
147 190 60
128 35 17
188 163 15
163 88 156
183 9 138
133 58 306
82 81 26
58 24 41
166 138 107
171 172 157
74 35 17
187 138 519
105 104 204
106 101 43
71 115 32
150 0 20
89 89 149
58 49 297
40 138 56
92 58 84
19 138 56
128 21 10
107 168 31
150 149 53
163 188 15
156 101 43
91 138 56
170 169 272
78 199 50
181 10 8
49 143 6
109 101 43
149 150 520
170 146 59
173 174 171
163 88 436
175 58 48
58 140 515
58 117 97
58 49 102
184 101 43
9 16 5
173 10 4
152 151 53
61 60 7
58 97 114
74 73 207
190 1 0
16 174 171
50 58 348
145 104 59
176 29 124
156 138 107
78 138 56
136 4 52
43 176 125
194 58 84
36 72 18
137 138 177
58 89 28
90 65 37
38 39 53
114 138 56
144 58 23
173 10 171
145 146 204
148 138 83
36 182 18
127 126 79
146 104 412
17 183 5
155 161 37
4 141 2
107 150 31
128 4 52
18 58 84
106 58 20
176 147 411
102 79 210
17 183 261
129 158 35
36 109 18
19 35 17
183 182 395
109 108 80
22 113 11
180 17 642
107 128 31
158 157 7
4 171 35
61 138 56
4 70 35
111 138 480
135 113 54
113 112 10
10 9 400
36 165 18
9 183 5
93 111 20
158 58 20
78 77 52
70 58 48
36 153 18
58 138 83
178 179 52
101 75 91
36 15 18
42 58 48
58 62 28
4 152 2
25 24 41
91 4 44
103 80 2
14 79 44
62 58 23
6 120 37
101 84 91
191 190 672
176 117 97
94 140 20
26 71 30
120 66 11
173 9 8
113 134 10
58 138 284
174 16 5
58 48 28
71 194 32
93 58 20
193 58 479
92 91 61
158 58 48
161 26 26
40 58 20
20 35 17
50 101 43
16 174 4
58 28 97
155 82 37
36 50 18
101 59 91
59 101 43
62 138 483
18 138 107
146 105 260
58 192 28
42 176 48
43 53 285
75 75 101
137 138 141
101 67 91
101 189 91
110 58 20
194 154 119
196 138 362
101 89 91
140 118 323
116 4 52
101 3 91
192 58 57
193 58 23
196 138 211
4 14 35
163 188 104
25 138 720
133 41 20
196 196 149
61 35 182
52 138 362
190 191 608
49 58 110
175 129 44
146 169 412
9 17 400
88 101 43
38 107 46
161 160 11
192 138 280
153 58 84
101 39 91
8 9 482
164 165 3
52 52 305
181 10 4
176 43 378
4 128 2
58 140 323
58 118 674
60 94 148
169 170 261
118 138 524
141 179 52
155 199 37
8 10 482
23 58 20
181 17 138
8 10 138
36 0 350
101 105 91
189 58 84
36 122 18
173 17 4
25 138 284
58 75 297
7 58 84
144 58 110
182 183 65
163 31 15
48 138 259
36 154 350
40 111 20
183 9 171
175 58 20
89 138 211
136 135 184
171 134 10
41 138 284
174 183 261
171 4 52
172 58 84
101 187 91
115 154 119
66 35 17
191 190 635
19 58 48
124 101 43
112 128 11
183 174 138
150 149 418
96 138 480
89 89 305
38 138 56
91 4 52
104 169 400
132 131 3
28 176 49
0 138 524
190 58 323
147 140 60
123 155 13
62 138 211
168 4 52
21 20 72
53 62 181
160 58 20
141 4 44
96 138 284
176 29 419
168 58 20
17 173 5
185 162 156
1 190 108
11 10 4
149 133 520
190 138 284
26 134 37
82 92 79
38 58 20
36 111 350
58 142 170
191 190 265
4 119 35
136 58 48
160 138 56
0 138 480
179 5 35
151 65 37
150 107 46
199 92 26
130 115 7
156 36 168
4 136 2
20 129 52
107 14 31
84 36 168
158 129 44
110 35 182
129 113 35
22 15 79
197 101 43
58 144 297
157 101 43
149 133 128
67 101 43
110 140 20
8 174 8
3 2 225
107 175 31
58 193 894
89 138 362
155 199 164
166 89 71
9 16 261
61 18 19
174 173 261
144 138 524
193 58 267
20 58 20
174 173 5
37 58 84
25 138 480
123 122 13
39 38 61
155 58 84
144 58 267
154 58 23
58 49 28
93 35 17
133 58 48
101 135 91
36 189 18
147 176 60
119 120 10
86 58 84
44 58 84
109 99 30
17 181 5
49 48 28
118 138 284
123 44 3
9 11 261
162 31 63
49 58 23
4 77 559
190 191 683
98 101 43
40 22 10
146 104 400
150 82 10
35 61 337
172 36 168
34 4 52
10 181 5
53 195 181
143 193 58
184 47 22
36 126 18
17 16 5
3 58 84
162 185 63
143 58 467
9 8 261
159 159 305
128 134 10
156 155 13
84 58 84
53 52 181
51 50 129
17 182 500
101 115 91
193 143 6
66 65 10
130 138 56
25 147 411
170 101 43
113 161 50
107 34 31
24 111 12
42 21 10
161 160 72
192 138 55
101 162 91
140 24 41
136 82 10
175 138 56
184 58 84
187 58 317
155 123 13
105 146 228
105 104 59
36 162 18
16 9 8
5 179 52
185 31 136
19 101 43
58 176 323
31 30 136
4 133 35
126 108 80
66 120 50
24 96 12
183 10 4
78 21 10
35 110 337
95 58 84
161 78 72
182 17 642
104 169 412
134 160 11
75 138 141
155 62 71
58 49 299
106 60 279
58 176 674
135 113 61
152 4 52
107 113 31
148 138 720
49 138 524
23 138 56
149 133 61
156 58 84
192 58 23
188 163 136
11 17 171
118 138 480
111 43 378
129 136 35
117 58 49
48 48 305
176 24 41
199 158 11
140 29 419
160 134 10
98 58 84
183 174 8
130 35 17
60 36 168
62 138 499
96 147 411
4 119 2
82 155 26
105 104 272
8 174 171
120 119 11
75 58 267
187 138 300
46 138 107
116 115 7
175 103 17
85 58 84
58 29 132
24 0 12
5 58 20
138 101 43
140 138 284
173 9 138
131 132 13
77 78 2
115 130 9
146 105 261
145 169 138
91 58 48
180 17 798
112 78 11
101 24 91
146 145 261
107 70 31
148 138 480
114 79 44
36 73 18
66 120 10
185 184 156
66 75 209
150 149 19
118 138 83
92 128 128
121 58 20
5 138 56
194 71 30
25 138 524
65 116 11
17 8 261
199 78 72
175 35 17
156 155 3
14 35 17
26 36 168
197 189 3
116 65 10
92 65 37
16 174 8
21 42 11
36 95 18
27 36 168
155 63 13
1 58 108
118 117 97
99 109 32
180 181 384
65 152 11
14 138 56
193 76 34
93 118 20
183 9 8
173 17 8
58 195 28
181 9 4
58 192 170
88 188 63
155 63 3
84 101 43
133 35 182
62 138 258
52 138 211
6 58 84
118 138 720
129 158 2
189 188 63
70 35 17
144 101 43
128 129 44
182 17 218
142 138 141
8 9 138
183 17 171
94 111 20
111 117 97
4 136 35
148 138 524
117 140 49
107 178 31
174 16 261
194 57 37
142 138 55
180 181 173
79 40 2
188 88 156
140 58 674
171 58 48
158 199 10
126 58 84
36 176 350
61 58 20
140 138 720
24 190 12
115 36 168
189 36 168
109 36 168
113 35 17
60 106 148
17 10 400
145 104 138
58 75 299
115 138 107
11 17 8
60 106 221
158 138 56
149 36 168
93 101 43
94 25 20
138 58 441
176 43 548
16 10 138
113 138 56
118 58 515
17 174 400
163 88 69
31 163 15
10 11 261
5 58 48
123 58 84
8 17 8
199 78 11
39 38 155
124 36 168
141 107 46
172 134 37
30 31 136
75 138 177
24 58 317
50 36 168
88 36 168
195 195 305
170 146 138
21 90 26
116 138 56
11 174 8
114 65 10
100 36 168
196 196 408
58 144 894
58 138 720
92 82 164
119 58 48
169 146 412
134 20 11
7 6 13
101 98 91
123 44 13
29 58 247
181 9 8
78 58 20
4 158 35
82 113 72
101 195 91
132 22 37
117 176 49
158 4 52
8 17 4
19 140 20
101 124 91
93 25 20
111 24 41
182 183 173
126 101 43
165 164 3
139 176 49
195 138 258
81 36 168
107 61 31
31 163 136
136 138 56
4 125 36
190 138 480
11 174 4
4 125 35
58 118 323
125 4 52
113 135 184
111 138 284
107 114 31
118 58 105
70 107 46
102 58 422
119 4 44
15 101 43
195 101 43
24 75 154
119 138 56
181 180 99
101 177 91
21 91 11
119 4 52
131 134 37
91 92 53
23 35 17
91 35 17
4 78 35
182 183 384
113 82 10
36 58 350
17 8 5
78 161 50
60 138 107
173 17 138
192 193 110
40 118 20
48 138 483
133 138 56
29 58 335
145 101 43
124 58 84
183 182 344
60 94 9
24 140 12
6 7 13
141 129 44
85 36 168
141 4 52
16 9 171
4 121 35
17 180 665
169 104 400
109 58 84
36 149 18
134 78 11
4 34 35
36 96 350
91 58 20
122 36 168
41 147 880
60 94 221
176 58 323
127 108 16
147 41 906
24 58 12
196 58 23
101 157 91
61 58 48
136 129 44
128 107 46
134 172 26
4 20 2
21 123 79
134 131 26
36 81 18
190 138 720
41 138 83
32 101 43
4 23 35
107 133 31
45 82 37
67 138 107
187 138 630
50 58 848
113 58 48
101 193 91
15 22 164
89 53 25
130 115 19
40 58 48
58 138 602
192 138 310
93 176 20
92 91 9
93 140 20
48 53 25
175 176 20
34 41 20
161 155 26
101 196 91
153 36 168
101 100 91
34 118 20
62 101 43
10 17 400
58 75 95
99 184 32
146 170 261
115 116 148
97 58 84
186 101 43
36 151 18
104 145 261
175 107 46
142 138 280
154 101 43
113 134 50
111 138 720
152 151 7
66 58 20
37 21 37
91 92 19
121 138 56
190 138 83
58 193 297
171 138 56
100 51 24
94 41 20
21 113 11
46 36 168
185 162 69
131 161 37
36 86 18
134 133 11
49 58 267
101 109 91
170 169 204
20 138 56
75 58 278
91 21 10
38 4 52
135 113 128
28 118 49
49 101 43
22 40 11
134 136 11
18 61 221
101 93 91
23 4 44
162 185 67
106 35 17
101 114 91
101 46 91
43 118 125
129 128 2
129 113 2
154 154 101
24 101 43
149 150 128
180 17 639
197 58 84
8 10 4
24 41 12
62 138 259
96 138 720
14 69 46
49 58 473
141 129 52
173 10 8
150 41 20
75 138 310
4 128 35
0 24 41
168 167 169
101 62 91
64 63 13
195 194 40
92 91 167
140 147 411
183 9 4
133 149 418
120 6 26
110 41 20
107 40 31
8 174 482
175 4 44
45 36 168
165 36 168
100 65 164
181 180 395
125 43 662
168 4 44
94 176 20
196 196 305
181 17 8
11 9 171
70 58 20
101 197 91
176 58 515
111 138 524
187 138 535
131 134 164
155 153 13
58 139 97
141 58 20
40 140 20
181 9 171
172 171 167
71 26 32
131 68 30
65 100 26
90 89 71
36 100 18
4 141 35
38 39 227
150 190 20
115 130 61
65 92 26
150 140 20
135 49 294
173 17 171
123 122 3
28 58 49
129 141 35
17 180 238
195 58 23
165 164 13
123 21 37
110 118 20
189 154 62
145 169 204
101 94 91
38 35 17
63 155 3
5 35 17
163 162 69
101 156 91
4 160 35
11 9 8
11 10 8
136 35 17
178 58 48
127 126 26
4 42 35
185 163 136
116 58 48
152 58 48
30 163 15
58 50 277
4 38 2
61 60 279
125 4 210
162 58 84
173 9 171
4 168 35
6 101 43
75 138 524
148 147 411
82 158 11
113 135 19
16 10 4
176 138 480
183 174 4
120 119 72
146 145 45
111 29 419
88 163 399
48 138 211
101 88 91
9 173 5
29 28 135
18 61 203
161 131 26
163 162 156
60 61 148
150 58 20
166 58 84
126 127 164
178 4 44
84 83 22
47 184 38
123 82 37
48 48 149
197 196 71
101 186 91
113 22 10
58 154 28
129 20 35
17 9 400
16 10 8
101 52 91
34 58 20
101 159 91
20 161 10
45 199 37
174 11 261
80 103 44
111 138 83
58 193 299
106 138 56
119 58 20
65 26 26
158 129 52
16 17 171
197 189 13
133 4 52
106 58 48
36 45 18
