1392
0 1 0
2 3 1
4 5 2
6 7 3
8 9 4
10 11 5
12 13 6
14 15 7
16 17 8
18 19 9
20 21 10
22 23 11
24 25 12
26 27 13
28 29 14
30 31 8
32 33 15
34 35 6
36 32 16
37 38 8
39 40 7
41 42 17
43 44 18
45 46 19
47 48 20
49 50 21
51 52 20
53 54 22
55 27 13
56 57 23
58 32 24
59 60 17
61 62 25
63 64 26
65 66 27
67 68 13
69 70 7
71 32 28
72 73 6
74 75 29
76 77 30
78 32 28
79 80 8
81 82 19
83 84 31
85 86 3
87 88 32
89 90 33
91 92 29
93 90 34
94 95 35
96 97 36
98 99 37
100 101 38
102 103 6
104 105 39
106 107 3
108 109 6
110 62 25
111 112 30
113 114 8
53 115 22
116 117 4
118 119 28
120 62 25
121 122 40
123 124 41
125 126 42
127 128 22
129 23 11
130 131 17
132 133 3
134 62 25
135 136 31
137 62 25
138 139 9
140 141 43
142 143 44
144 145 45
146 147 31
148 23 11
149 150 24
151 152 46
153 154 47
155 32 13
156 62 25
157 158 13
159 160 14
161 158 48
162 163 31
164 165 49
166 159 6
167 168 22
169 170 44
171 172 50
173 174 31
175 160 51
176 177 8
178 179 19
180 181 28
182 183 26
184 185 52
186 187 53
188 189 30
190 191 54
192 193 1
194 195 55
196 197 7
198 138 41
199 200 52
201 202 13
203 204 6
205 206 2
207 207 56
208 209 23
210 211 57
212 213 42
214 215 17
216 217 58
218 219 38
220 221 59
222 90 60
223 224 61
225 226 62
227 228 38
229 230 38
231 215 17
232 233 10
234 235 13
236 237 63
238 11 5
186 239 38
240 241 7
242 243 17
244 245 64
246 247 65
248 249 66
232 65 10
155 32 28
19 211 75
17 16 8
124 212 75
114 141 43
32 134 15
101 119 13
10 9 4
154 60 17
13 160 14
145 90 60
74 27 29
99 160 221
208 57 23
145 176 3
61 39 19
169 32 37
212 198 42
70 4 31
126 128 8
201 4 31
24 32 28
19 138 57
239 90 34
32 127 15
39 62 25
206 23 11
226 217 15
33 33 56
112 70 7
138 213 42
138 19 57
217 216 58
46 101 7
27 90 219
212 138 9
236 57 44
119 90 219
111 4 31
197 23 11
167 160 101
2 32 185
27 209 23
217 90 33
18 139 75
3 62 25
237 90 166
158 57 23
223 90 128
40 90 34
138 198 42
206 163 31
148 163 31
11 122 130
148 90 34
8 117 4
210 138 9
130 32 48
202 90 139
139 125 75
139 19 75
168 215 17
71 64 26
204 4 31
79 80 3
70 84 31
55 32 28
219 32 13
101 68 13
49 243 17
38 119 48
123 138 134
248 249 24
35 160 14
132 215 17
102 103 38
91 32 29
210 211 9
36 106 22
4 197 2
162 32 13
208 90 139
212 48 42
126 128 3
198 62 25
4 118 2
197 158 13
34 32 48
84 206 2
73 23 11
101 158 13
59 139 41
32 223 15
188 4 31
39 71 7
104 106 8
124 138 9
153 65 10
13 181 13
234 32 28
219 160 14
138 211 57
166 137 45
13 32 13
181 32 58
88 84 31
206 205 31
32 90 206
144 43 24
77 62 25
22 119 13
73 163 31
4 188 2
156 141 43
236 99 37
241 32 13
95 32 205
210 138 75
213 62 25
53 90 128
95 32 135
95 44 18
37 141 43
118 4 31
180 23 11
99 57 23
144 243 17
46 88 7
63 181 28
132 32 48
76 23 11
48 211 177
154 153 19
212 19 75
138 139 75
155 181 28
18 138 9
135 23 11
98 27 37
116 117 5
210 211 75
12 215 17
168 141 43
241 4 31
93 23 11
211 198 42
22 32 28
101 235 13
229 78 6
22 29 14
126 131 17
157 119 13
125 19 75
126 62 25
66 90 60
26 119 13
167 167 146
93 32 28
155 27 13
70 32 13
247 181 29
0 90 139
236 208 37
26 64 26
223 62 25
117 238 130
155 75 13
144 43 66
167 90 166
234 75 13
123 60 17
197 32 13
26 23 11
43 32 62
11 10 130
198 90 60
239 64 26
27 90 234
158 209 23
138 124 9
181 246 72
242 62 25
177 132 3
9 122 130
40 32 28
73 136 31
237 90 213
168 85 3
84 93 2
182 23 11
32 158 218
78 136 31
54 215 17
119 90 139
92 90 206
11 116 130
86 85 8
235 90 139
32 216 87
124 138 75
83 160 14
15 32 28
226 32 135
118 29 14
70 64 26
211 210 75
27 57 23
32 43 15
9 116 130
133 132 3
75 92 152
158 90 206
38 226 66
39 61 47
84 157 2
148 32 28
206 62 25
172 215 17
212 210 57
198 32 48
31 30 8
32 32 228
18 138 75
103 23 11
187 32 48
220 32 131
32 95 15
22 64 26
195 163 31
58 215 17
92 90 219
219 23 11
210 212 9
210 19 9
117 9 178
150 150 56
212 138 57
157 32 28
212 138 75
32 209 23
237 90 128
212 211 9
139 211 75
112 159 7
57 160 198
230 160 14
181 246 69
193 46 19
138 125 9
19 124 75
101 32 28
157 27 13
146 32 13
198 141 43
186 187 77
150 62 25
159 32 28
104 141 43
88 64 26
172 46 19
219 68 13
186 46 19
195 32 28
5 136 31
193 141 43
22 202 13
211 138 75
124 139 9
10 11 4
240 173 7
32 190 218
28 23 11
87 201 38
43 62 25
169 32 44
155 181 13
45 141 43
212 211 57
139 124 57
190 90 206
46 70 7
119 209 23
106 239 6
13 75 13
155 119 13
67 32 28
148 64 26
211 124 9
211 138 9
35 136 31
195 181 13
229 230 6
201 68 13
237 90 108
5 4 31
175 222 201
84 159 2
172 141 43
81 141 43
181 92 152
211 210 57
73 72 136
19 210 9
144 32 48
156 107 45
61 141 43
210 139 57
241 84 31
101 75 13
241 32 28
201 64 26
99 90 139
212 18 75
213 60 17
202 209 23
32 75 218
118 202 13
129 90 34
156 215 17
54 32 48
126 160 100
176 177 3
208 90 206
211 139 9
145 32 48
138 212 9
71 23 11
78 160 14
72 141 43
167 90 213
92 32 152
73 32 13
237 237 81
52 125 41
235 90 234
117 8 130
212 19 9
19 18 9
211 212 57
126 212 41
210 124 57
195 158 13
186 141 43
157 92 13
186 179 19
70 46 30
117 11 178
240 71 7
16 32 48
84 88 2
32 209 152
15 4 31
78 23 11
129 32 28
169 68 37
139 18 9
197 27 13
231 32 48
206 4 31
155 160 14
236 53 44
19 139 9
219 64 26
173 90 34
65 137 27
73 249 106
98 208 37
170 90 129
214 141 43
4 15 2
5 62 25
75 32 152
67 23 11
67 181 13
13 119 13
135 32 13
235 90 219
230 23 11
83 23 11
161 141 43
32 57 23
115 90 60
241 90 34
19 212 75
155 202 13
204 160 14
63 62 25
101 0 13
67 235 13
14 206 7
53 53 81
26 90 34
13 90 34
132 133 8
19 138 75
63 249 106
209 62 25
233 154 27
107 62 25
182 23 90
68 209 23
66 62 25
34 243 17
124 212 9
212 123 42
181 90 139
118 32 28
32 92 218
128 210 41
201 160 14
201 20 30
168 85 8
50 243 17
32 181 58
123 62 25
245 244 64
196 35 7
106 141 43
181 57 23
133 177 8
5 160 14
221 136 31
107 90 60
228 62 25
16 166 8
124 210 75
88 4 31
46 206 7
29 119 70
32 53 15
146 90 34
54 39 19
139 211 9
71 90 34
133 177 3
138 212 75
223 90 108
82 81 47
111 160 14
106 112 19
4 93 2
20 201 7
162 23 11
212 211 75
239 163 31
124 139 57
83 4 31
154 131 17
239 160 14
12 32 48
63 32 13
121 141 43
241 23 11
167 90 208
138 212 57
139 212 57
186 32 48
81 212 134
13 23 11
69 197 7
236 167 63
145 144 45
14 70 7
112 186 47
118 160 14
35 90 34
68 90 206
87 70 32
206 90 34
26 160 14
160 56 70
11 238 130
55 68 13
109 32 13
210 139 75
32 246 69
240 62 25
111 189 30
146 4 31
182 75 13
198 60 17
32 216 15
138 18 9
28 32 28
32 36 15
214 32 48
4 103 2
223 223 81
212 124 9
6 77 19
237 32 16
32 217 87
159 84 31
149 150 66
201 27 13
172 39 19
39 241 7
145 141 43
211 139 57
77 40 7
116 9 5
19 212 9
32 90 139
186 112 19
26 158 13
55 32 13
19 210 75
109 32 28
166 141 43
26 32 13
124 210 9
182 92 13
10 117 4
219 181 13
7 141 43
172 112 19
236 170 44
106 46 19
33 62 25
211 212 9
229 141 43
36 90 208
12 90 60
202 90 234
28 119 28
196 15 7
43 43 56
18 212 75
192 23 11
143 62 25
212 210 75
41 243 17
67 32 13
127 90 166
92 75 152
124 211 9
73 4 31
180 4 31
210 18 75
127 90 108
53 160 101
127 127 81
234 160 14
35 23 90
221 32 28
226 32 62
192 160 51
9 11 178
52 62 25
188 90 34
24 64 26
112 111 7
104 32 48
204 23 11
113 114 3
4 83 2
123 212 41
159 100 183
32 92 152
154 138 41
220 181 131
75 90 219
154 62 25
15 32 13
239 186 12
166 38 8
182 160 14
58 141 43
197 32 28
75 181 152
202 57 23
126 32 48
124 139 75
116 11 4
84 241 2
182 27 13
7 32 48
168 86 8
95 32 62
139 210 9
26 68 13
212 125 75
118 32 13
53 90 108
27 90 139
206 46 30
73 160 14
236 27 37
119 190 218
130 138 41
72 105 66
40 23 11
210 212 75
101 136 31
13 32 28
25 141 43
144 71 6
69 83 7
106 186 8
101 100 183
56 90 206
53 53 146
24 90 34
182 32 13
145 234 6
168 42 17
86 85 3
182 32 28
0 90 219
98 92 37
80 106 8
181 32 152
36 90 108
111 32 13
56 90 139
220 201 59
190 57 23
212 128 42
248 14 19
137 160 100
138 125 75
24 32 13
247 119 29
181 209 23
187 160 100
156 32 48
86 243 17
19 211 9
236 53 63
212 137 42
88 32 28
111 90 34
0 90 206
198 212 41
239 62 25
159 23 11
195 4 31
157 64 26
103 136 31
102 39 19
124 198 42
101 64 26
4 88 2
239 23 11
148 32 13
22 181 13
67 23 90
128 62 25
109 136 31
173 160 14
138 139 57
108 62 25
187 186 77
41 62 25
67 92 13
134 134 56
8 117 5
138 123 42
53 90 166
166 215 17
9 10 130
228 160 51
35 12 12
138 210 9
117 116 130
95 90 219
236 0 37
241 160 14
80 79 8
22 235 13
25 24 38
81 212 41
106 32 48
138 61 42
135 160 14
95 32 133
236 32 44
234 202 13
32 226 15
55 23 11
98 119 37
50 32 48
30 32 48
66 60 17
146 32 28
75 90 139
242 141 43
214 62 25
80 30 3
149 215 17
75 209 23
203 141 43
139 138 75
59 62 25
138 130 42
140 46 19
22 4 31
167 167 81
70 163 31
3 32 48
192 160 14
9 8 130
180 84 31
110 110 146
107 106 8
48 32 48
92 181 152
230 90 34
138 18 75
153 233 10
212 61 42
179 26 7
196 70 7
219 218 186
167 90 108
212 124 57
138 210 57
74 202 29
139 123 42
70 112 30
128 212 41
181 90 206
48 131 17
157 202 13
200 128 20
206 84 31
12 141 43
102 141 43
101 181 13
92 57 23
228 227 1
118 90 34
123 32 48
234 23 11
106 80 8
10 9 5
195 23 11
138 154 42
124 19 75
32 237 15
13 62 25
32 119 152
19 18 75
34 215 17
40 77 30
192 32 185
179 85 47
234 64 26
155 64 26
148 183 26
32 150 15
212 126 42
63 34 136
87 70 38
103 4 31
76 160 14
177 32 48
99 90 234
226 90 219
15 90 34
195 62 25
107 32 48
16 215 17
234 119 13
26 235 13
124 210 57
75 90 206
74 32 29
119 57 23
98 158 37
59 32 48
190 32 218
210 139 9
119 246 72
132 177 8
36 90 213
4 76 2
188 32 28
118 158 13
77 76 7
43 32 133
71 163 31
49 32 48
5 32 13
90 62 25
92 90 139
85 86 8
179 101 7
245 226 35
158 32 218
219 158 13
61 131 17
212 81 42
202 90 219
197 90 34
97 96 130
99 90 206
240 40 7
211 19 75
181 90 219
235 57 23
201 32 193
177 132 8
40 43 106
101 100 12
24 160 14
27 190 218
247 75 29
78 32 13
198 138 134
5 90 34
16 141 43
39 73 7
11 8 130
159 32 13
219 196 30
84 197 2
118 23 11
107 106 3
128 126 3
10 117 5
69 206 7
106 37 8
67 160 14
87 201 32
112 172 47
121 122 170
39 103 7
204 32 28
55 75 13
201 92 13
201 119 106
116 11 5
122 9 4
52 141 43
72 215 17
123 212 134
190 119 218
106 37 3
48 62 25
130 141 43
236 119 37
158 90 219
162 205 31
139 124 9
36 90 128
6 32 48
75 90 234
182 4 31
55 202 13
125 212 75
84 109 2
54 160 100
95 62 25
157 32 13
14 201 7
206 32 28
230 62 25
99 90 219
74 92 29
117 10 130
14 204 7
138 211 75
130 62 25
81 32 48
35 32 13
92 90 234
135 163 31
38 166 8
205 111 2
70 23 11
138 19 75
159 90 34
197 4 31
72 90 60
17 141 43
109 90 34
55 62 25
210 19 75
119 29 221
228 32 185
181 160 221
139 210 57
70 90 34
75 32 218
85 168 3
11 117 178
208 90 234
211 18 9
234 181 13
5 32 28
177 176 3
208 90 219
80 32 48
0 209 23
8 11 5
108 141 43
145 176 8
210 138 235
93 64 26
186 14 19
161 194 212
18 19 75
63 183 26
227 148 6
57 32 150
138 137 42
73 90 34
210 124 75
32 90 234
76 32 28
16 240 19
91 158 29
7 6 8
201 158 13
50 160 100
80 30 8
210 138 57
122 9 5
139 213 42
211 124 57
86 168 3
139 212 9
138 211 9
173 32 28
86 14 19
77 173 7
74 119 29
109 4 31
201 119 13
8 11 4
195 32 13
101 160 14
13 92 13
212 139 75
157 68 13
207 32 133
182 32 193
158 90 139
179 186 47
178 141 43
68 57 23
81 62 25
114 113 3
139 210 75
91 119 29
144 90 60
236 110 63
176 90 60
212 210 9
160 158 70
88 90 34
37 166 8
157 69 30
22 160 14
158 90 234
166 17 8
181 32 218
239 32 13
32 75 152
139 211 57
196 26 7
68 90 139
75 32 58
236 68 37
132 177 3
2 160 51
211 19 9
211 125 75
18 212 9
57 43 83
76 90 34
143 32 150
201 181 13
76 4 31
148 4 31
237 62 25
125 211 75
177 215 17
15 23 11
155 158 13
170 90 208
34 90 60
67 202 13
26 75 13
166 37 8
190 90 139
80 141 43
96 62 25
155 90 34
125 138 75
170 32 150
75 186 122
222 141 43
6 7 8
93 4 31
177 141 43
19 139 75
66 32 48
101 202 13
162 160 14
144 141 43
160 99 70
28 160 14
72 160 100
26 163 31
107 141 43
55 158 13
119 32 152
82 65 10
85 168 8
180 160 14
18 211 75
201 29 14
50 141 43
167 62 25
35 32 28
83 64 26
182 32 147
234 27 13
158 181 218
20 62 25
173 163 31
140 188 6
182 181 147
31 46 19
41 90 60
205 173 2
56 209 23
190 90 219
70 32 28
212 139 57
210 61 42
98 181 37
26 32 28
99 209 23
9 238 130
55 119 13
135 90 34
180 79 12
55 92 13
118 119 13
85 215 17
85 179 19
22 27 13
211 210 9
159 183 26
223 90 166
26 202 13
157 181 28
22 75 13
225 90 33
36 62 25
150 32 133
236 32 37
238 117 5
92 209 23
211 139 75
32 43 54
190 191 15
159 64 26
198 210 41
58 32 48
178 215 17
118 64 26
105 62 25
68 90 234
135 32 28
159 166 12
219 183 26
40 32 13
32 246 72
223 160 101
124 137 42
78 90 34
39 172 47
181 75 152
229 32 48
85 112 19
166 159 38
226 32 133
192 32 28
34 141 43
43 32 135
239 32 28
24 4 31
113 141 43
228 4 107
195 158 28
219 202 13
210 212 57
190 209 23
226 62 25
55 235 13
181 90 234
14 26 7
177 133 8
213 138 41
170 90 213
212 124 75
63 23 11
197 160 14
29 75 70
84 83 2
84 70 2
105 105 56
57 62 25
222 175 145
111 205 31
106 215 17
128 32 48
247 246 104
36 90 129
230 32 28
123 141 43
56 90 234
126 141 43
201 119 28
93 84 31
237 90 208
40 136 31
101 27 13
0 57 23
167 90 129
247 158 29
107 156 45
204 90 34
145 177 3
19 138 9
38 37 8
211 138 57
3 160 232
236 75 37
106 148 6
145 215 17
139 19 9
67 27 13
165 164 130
221 4 31
127 127 146
122 11 5
235 209 23
119 32 218
68 90 219
138 48 42
106 104 8
93 32 13
26 92 13
222 32 48
177 176 8
146 160 14
17 166 8
196 219 7
85 42 17
24 25 116
32 167 15
101 92 13
223 223 146
139 66 42
234 4 31
4 159 2
87 226 143
80 79 3
82 233 10
18 211 9
138 19 9
49 141 43
114 113 8
143 160 198
100 141 43
211 18 75
137 166 45
74 158 29
67 75 13
126 105 39
170 160 198
167 226 143
24 23 11
37 106 3
149 32 48
5 23 11
212 139 9
197 68 13
109 160 14
149 160 100
88 23 11
186 215 17
124 211 75
138 124 75
155 235 13
177 243 17
175 4 107
48 212 41
135 75 106
31 141 43
204 14 30
73 32 28
103 32 28
74 181 29
63 136 31
85 141 43
166 16 8
4 24 2
35 34 136
6 62 25
221 160 14
43 90 219
46 109 7
70 87 12
59 139 177
119 90 206
200 61 20
229 39 19
211 212 75
227 141 43
29 201 2
248 141 43
157 23 11
86 168 8
137 141 43
12 35 102
187 186 53
91 181 29
101 32 13
238 9 5
115 32 48
177 145 3
80 46 19
54 141 43
240 103 7
211 137 42
234 163 31
70 160 14
182 90 34
32 105 15
204 112 30
85 160 100
11 9 178
32 181 152
18 210 75
22 32 13
193 160 100
63 90 34
146 181 28
186 239 6
76 32 13
84 180 2
109 84 31
201 163 31
133 132 8
176 145 3
128 126 8
63 32 28
168 32 48
