400
0 1 0
2 3 1
4 5 1
6 7 2
8 9 1
10 11 1
12 13 0
14 15 0
16 17 0
18 19 1
20 21 0
22 23 3
24 25 0
26 27 0
28 29 0
30 31 4
32 33 4
34 35 1
36 37 0
38 39 0
40 41 1
42 43 1
44 45 1
46 47 1
48 49 0
50 51 0
52 53 0
54 55 1
56 57 1
58 59 0
60 61 4
62 63 1
64 65 1
66 67 0
68 69 1
70 71 0
72 73 5
74 75 1
76 77 4
78 79 0
80 81 0
82 83 6
84 85 0
86 87 0
88 89 0
90 91 1
92 93 0
94 95 1
96 97 1
98 99 1
100 101 0
102 103 1
104 105 7
106 107 0
108 109 1
110 111 1
112 113 6
114 115 1
116 117 1
118 119 0
120 121 2
122 123 1
124 125 0
126 127 0
128 129 5
130 131 0
132 133 8
134 135 3
136 137 6
138 139 0
140 141 1
142 143 1
144 145 1
146 147 0
148 149 1
150 151 0
152 91 0
153 154 1
155 156 0
157 158 1
159 160 0
161 162 1
163 164 1
165 166 1
167 168 0
169 170 1
171 172 5
173 174 1
175 176 1
177 178 0
179 180 1
181 182 4
183 184 0
185 186 1
187 188 1
189 190 0
191 192 0
193 194 6
195 196 1
197 198 0
199 200 3
201 202 1
203 204 0
205 206 0
207 208 1
209 210 1
211 212 5
213 214 0
215 216 1
217 218 0
219 220 0
221 222 3
223 224 4
225 226 0
227 228 0
229 230 0
231 232 5
233 234 1
235 39 0
236 237 0
238 239 0
240 241 5
242 243 0
244 245 4
246 247 1
248 249 0
250 251 0
252 253 1
254 255 1
256 257 2
258 259 4
260 261 1
262 263 0
264 265 0
266 267 0
123 268 0
269 270 1
271 272 6
273 274 1
275 276 1
277 278 0
279 280 0
281 282 0
283 284 0
285 286 5
287 288 0
289 290 5
291 292 0
293 294 1
295 296 0
297 298 0
299 300 0
301 302 0
303 304 1
305 306 0
307 308 1
309 310 0
311 312 0
313 314 1
315 316 0
317 318 0
319 320 1
321 322 1
323 324 0
325 326 1
327 328 0
329 330 1
331 332 1
333 334 1
335 336 0
337 180 1
338 339 0
340 341 0
342 343 0
344 52 1
345 346 0
347 153 1
348 349 0
350 351 0
352 353 1
354 355 4
356 357 0
358 359 1
360 361 0
362 363 0
364 365 0
366 367 0
368 369 1
370 371 1
372 373 1
374 375 1
376 377 1
378 379 0
380 381 0
382 383 1
384 385 1
386 387 0
388 389 0
390 391 1
392 393 3
394 395 1
396 397 0
398 399 1
400 401 1
402 403 0
404 405 1
406 407 6
408 409 4
410 411 0
412 413 0
414 415 1
416 417 0
418 419 0
420 421 1
422 423 0
424 425 0
426 427 0
428 429 6
430 431 0
432 433 1
434 435 6
436 437 3
438 439 0
440 441 0
442 443 6
444 445 1
446 447 0
448 449 1
450 451 4
452 453 1
454 455 3
456 457 1
458 459 6
460 461 1
462 463 1
464 465 0
466 467 6
468 469 0
470 471 1
472 473 1
474 475 2
476 477 1
478 479 0
480 481 0
482 483 1
484 485 1
486 487 1
488 489 6
490 491 0
492 493 0
494 495 1
496 497 1
498 499 0
97 96 1
415 414 1
261 260 1
141 140 1
95 94 1
487 486 1
5 4 1
111 110 1
216 215 1
449 448 1
471 420 1
272 6 6
204 324 0
3 2 1
79 172 5
158 313 9
371 370 1
383 382 1
384 239 0
18 73 5
401 400 1
215 273 0
52 344 1
149 148 1
439 64 1
190 497 0
477 476 1
174 173 1
495 2 9
445 444 1
2 495 9
186 185 1
176 175 1
455 454 3
391 228 0
208 207 1
153 347 1
271 6 6
399 2 0
160 51 0
439 65 9
359 358 1
374 239 0
166 165 1
353 352 1
274 273 1
497 496 1
47 46 1
369 368 1
55 54 1
314 313 1
463 462 1
421 420 1
200 199 3
320 87 3
65 64 1
41 40 1
471 470 1
453 452 1
255 254 1
308 307 1
103 102 1
443 121 2
470 239 0
220 172 5
219 172 5
252 324 0
346 345 3
170 169 1
210 209 1
239 411 1
294 293 1
304 303 1
145 144 1
376 239 0
354 265 0
112 132 6
448 425 0
313 158 9
35 34 1
143 142 1
461 460 1
9 8 1
145 172 5
123 122 1
393 392 3
19 18 1
247 246 1
253 252 1
264 430 4
414 239 0
63 62 1
180 337 1
373 372 1
4 73 0
202 201 1
334 333 1
485 484 1
332 331 1
437 436 3
115 114 1
23 22 0
11 10 1
276 275 1
377 376 1
43 42 1
99 98 1
286 172 5
411 239 1
495 494 1
483 482 1
180 179 1
321 300 0
164 163 1
91 90 1
75 74 1
16 172 5
228 479 0
433 432 1
109 108 1
322 321 1
64 439 1
223 265 0
326 325 1
135 201 0
182 184 0
330 329 1
457 456 1
420 471 1
196 195 1
395 394 1
408 351 0
222 221 3
69 68 1
273 87 3
234 233 1
71 284 0
57 56 1
385 384 1
440 129 5
17 172 5
188 187 1
473 472 1
270 269 1
117 116 1
320 319 1
391 390 1
